Passeio do cavalo com heuristica de Warnsdorff (N=6).
start position (0, 0) -> Solution:

  0  29   8  19   2  31 
  9  20   1  30  15  18 
 28   7  26  17  32   3 
 21  10  33  14  25  16 
  6  27  12  23   4  35 
 11  22   5  34  13  24 

start position (0, 1) -> Solution:

 11   0  25  18   9   6 
 24  17  10   7  26  19 
  1  12  23  30   5   8 
 16  31  14  27  20  35 
 13   2  33  22  29   4 
 32  15  28   3  34  21 

start position (0, 2) -> Solution:

 12  29   0  19  14  31 
  1  20  13  30   7  18 
 28  11  26  17  32  15 
 21   2  33   8  25   6 
 10  27   4  23  16  35 
  3  22   9  34   5  24 

start position (0, 3) -> Solution:

 33  20  25   0   9  18 
 24   7  32  19  26   1 
 21  34  23   8  17  10 
  6  31  14  35   2  27 
 13  22  29   4  11  16 
 30   5  12  15  28   3 

start position (0, 4) -> Solution:

  6   9  20  35   0  11 
 21  32   7  10  19  26 
  8   5  34  25  12   1 
 33  22  31  16  27  18 
  4  15  24  29   2  13 
 23  30   3  14  17  28 

start position (0, 5) -> Solution:

 11   6  25  18   9   0 
 24  17  10   7  26  19 
  5  12  23  30   1   8 
 16  31  14  27  20  35 
 13   4  33  22  29   2 
 32  15  28   3  34  21 

start position (1, 0) -> Solution:

 11  24   1  16  13  32 
  0  17  12  31   2  15 
 25  10  23  14  33  28 
 18   7  30  27  22   3 
  9  26   5  20  29  34 
  6  19   8  35   4  21 

start position (1, 1) -> Solution:

 24  29  10   7  18  31 
  9   0  25  30  11   6 
 28  23   8  17  32  19 
  1  16  33  26   5  12 
 22  27  14   3  20  35 
 15   2  21  34  13   4 

start position (1, 2) -> Solution:

  1  22   9  30   7  24 
 10  29   0  23  16  31 
 21   2  33   8  25   6 
 28  11  26  17  32  15 
  3  20  13  34   5  18 
 12  27   4  19  14  35 

start position (1, 3) -> Solution:

 18   7  10  27  16   1 
  9  26  17   0  11  28 
  6  19   8  35   2  15 
 25  32  23  14  29  12 
 20   5  34  31  22   3 
 33  24  21   4  13  30 

start position (1, 4) -> Solution:

 19  26   1  34  13  28 
  2  33  20  27   0  11 
 25  18  35  12  29  14 
 32   3  30  21  10   7 
 17  24   5   8  15  22 
  4  31  16  23   6   9 

start position (1, 5) -> Solution:

 22  13  24   1  20  11 
 25   2  21  12  29   0 
 14  23  26  35  10  19 
  3  34  15  28   7  30 
 16  27  32   5  18   9 
 33   4  17   8  31   6 

start position (2, 0) -> Solution:

 18   1  10  27  16   3 
  9  26  17   2  11  28 
  0  19   8  35   4  15 
 25  32  23  14  29  12 
 20   7  34  31  22   5 
 33  24  21   6  13  30 

start position (2, 1) -> Solution:

  1  28  15  12   3  30 
 16  11   2  29  22  13 
 27   0  33  14  31   4 
 10  17   8  23  34  21 
  7  26  19  32   5  24 
 18   9   6  25  20  35 

start position (2, 2) -> Solution:

 32  25   2  13  22  35 
  1  14  33  24   3  12 
 26  31   0  21  34  23 
 15   8  17  30  11   4 
 18  27   6   9  20  29 
  7  16  19  28   5  10 

start position (2, 3) -> Solution:

  7  28  15  20   1  30 
 16  19   8  29  14  21 
 27   6  17   0  31   2 
 18   9  26  35  22  13 
  5  34  11  24   3  32 
 10  25   4  33  12  23 

start position (2, 4) -> Solution:

 12   3  28  21  10   1 
 27  20  11   2  29  22 
  4  13  26  35   0   9 
 19  34  17   8  23  30 
 14   5  32  25  16   7 
 33  18  15   6  31  24 

start position (2, 5) -> Solution:

  3  28  15  12   1  30 
 16  11   2  29  22  13 
 27   4  33  14  31   0 
 10  17   8  23  34  21 
  5  26  19  32   7  24 
 18   9   6  25  20  35 

start position (3, 0) -> Solution:

 33  20  25   6   9  18 
 24   7  32  19  26   5 
 21  34  23   8  17  10 
  0  31  14  35   4  27 
 13  22  29   2  11  16 
 30   1  12  15  28   3 

start position (3, 1) -> Solution:

 24  29   6  15  18  31 
  7  16  25  30   5  14 
 28  23   8  17  32  19 
  9   0  33  26  13   4 
 22  27   2  11  20  35 
  1  10  21  34   3  12 

start position (3, 2) -> Solution does not exist.

start position (3, 3) -> Solution:

 10   5  18  29  16   7 
 19  28   9   6  25  30 
  4  11  26  17   8  15 
 27  20  35   0  31  24 
 12   3  22  33  14   1 
 21  34  13   2  23  32 

start position (3, 4) -> Solution:

 33  20  25   6   9  18 
 24   5  32  19  26   7 
 21  34  23   8  17  10 
  4  31  14  35   0  27 
 13  22  29   2  11  16 
 30   3  12  15  28   1 

start position (3, 5) -> Solution:

 12  29   6  19  14  31 
  5  20  13  30   7  18 
 28  11  26  17  32  15 
 21   4  33   8  25   0 
 10  27   2  23  16  35 
  3  22   9  34   1  24 

start position (4, 0) -> Solution:

  6  29   8  19   4  31 
  9  20   5  30  15  18 
 28   7  26  17  32   3 
 21  10  33  14  25  16 
  0  27  12  23   2  35 
 11  22   1  34  13  24 

start position (4, 1) -> Solution:

 29   2  19  12  27   4 
 18  11  28   3  20  13 
  1  30  17  26   5  34 
 10  25   8  33  14  21 
 31   0  23  16  35   6 
 24   9  32   7  22  15 

start position (4, 2) -> Solution:

 12  29   4  19  14  31 
  3  20  13  30   5  18 
 28  11  26  17  32  15 
 21   2  33   8  25   6 
 10  27   0  23  16  35 
  1  22   9  34   7  24 

start position (4, 3) -> Solution:

 31  24  21   4  13  34 
 20   5  32  35  22   3 
 25  30  23  14  33  12 
  6  19   8  29   2  15 
  9  26  17   0  11  28 
 18   7  10  27  16   1 

start position (4, 4) -> Solution:

  4  13  28  21   6  15 
 27  20   5  14  29  22 
 12   3  26  35  16   7 
 19  34  17   8  23  30 
  2  11  32  25   0   9 
 33  18   1  10  31  24 

start position (4, 5) -> Solution:

 23   4  33   8  21   6 
 30  15  22   5  32   9 
  3  24  31  34   7  20 
 14  29  16  25  10  35 
 17   2  27  12  19   0 
 28  13  18   1  26  11 

start position (5, 0) -> Solution:

 29  18   3  16  31  24 
  2  15  30  25   4  13 
 19  28  17  14  23  32 
  8   1  26  35  12   5 
 27  20   7  10  33  22 
  0   9  34  21   6  11 

start position (5, 1) -> Solution:

 28  17  14   3  30  23 
 13   2  29  24  15   4 
 18  27  16  31  22  35 
  1  12  25  34   5   8 
 26  19  10   7  32  21 
 11   0  33  20   9   6 

start position (5, 2) -> Solution:

  3  28  15  12   5  30 
 16  11   4  29  22  13 
 27   2  33  14  31   6 
 10  17   8  23  34  21 
  1  26  19  32   7  24 
 18   9   0  25  20  35 

start position (5, 3) -> Solution:

 18   5  10  27  16   3 
  9  26  17   4  11  28 
  6  19   8  35   2  15 
 25  32  23  14  29  12 
 20   7  34  31  22   1 
 33  24  21   0  13  30 

start position (5, 4) -> Solution:

 29  18   3  16  31  24 
  4  15  30  25   2  13 
 19  28  17  14  23  32 
  8   5  26  35  12   1 
 27  20   7  10  33  22 
  6   9  34  21   0  11 

start position (5, 5) -> Solution:

 22  13  24   5  20  11 
 25   4  21  12  29   6 
 14  23  26  35  10  19 
  3  34  15  28   7  30 
 16  27  32   1  18   9 
 33   2  17   8  31   0 

  1   1   1   1   1   1 
  1   1   1   1   1   1 
  1   1   1   1   1   1 
  1   1   0   1   1   1 
  1   1   1   1   1   1 
  1   1   1   1   1   1 


runtime: 0.000 s
